mass = 5.110000e+05 eV
r0 = 5.289648e-02 nm
Ea = 1.361287e+01 eV
ka = 3.729927e+03 eV
ell = 0
x0 = 1.000000e+00
nucA = 0.000000e+00
nucZ = 0.000000e+00
nmax_forward = 500
nmax_backward = 500
