x_i = 0.000000e+00
x_f = 1.000000e+01
y_0 = 0.000000e+00
y_1 = 1.000000e-01
nmax = 500
h = 2.000000e-02
