1st Energy Level
Et_min: 0.82, Et_max: 0.85
Et = 8.395905e-01
Eb = 4.197952e+01 MeV

2nd Energy Level
Et_min: 0.56, Et_max: 0.6
Et = 5.821948e-01
Eb = 2.910974e+01 MeV

3rd Energy Level
Et_min: 0.25, Et_max: 0.29
Et = 2.698726e-01
Eb = 1.349363e+01 MeV
